N		p		Queue Type	Average PD	Std Dev of PD	Average Link Util 	KOUQ Drop Probability
8		0.5		INQ 		3.77746		1.32889			0.06233
16		0.5		INQ 		3.86930		1.45763			0.03085
32		0.5		INQ 		3.93940		1.57373			0.01542
64		0.5		INQ 		3.95336		1.56253			0.00771
128		0.5		INQ 		3.97470		1.60111			0.00386
256		0.5		INQ 		3.98236		1.61150			0.00193
512		0.5		INQ 		3.98130		1.61451			0.00096
1024		0.5		INQ 		3.98553		1.61738			0.00048
8		0.5		KOUQ		3.42185		0.73898			0.06197				0.00000
16		0.5		KOUQ		3.44729		0.77706			0.03076				0.00000
32		0.5		KOUQ		3.46360		0.81503			0.01530				0.00000
64		0.5		KOUQ		3.47579		0.84537			0.00764				0.00000
128		0.5		KOUQ		3.47607		0.84569			0.00381				0.00000
256		0.5		KOUQ		3.47604		0.84482			0.00191				0.00000
512		0.5		KOUQ		3.47929		0.85117			0.00095				0.00000
1024		0.5		KOUQ		3.47850		0.84876			0.00048				0.00000
8		0.5		iSLIP		3.54740		1.08379			0.06177
16		0.5		iSLIP		3.63235		1.24317			0.03103
32		0.5		iSLIP		3.69781		1.36164			0.01556
64		0.5		iSLIP		3.71821		1.41395			0.00781
128		0.5		iSLIP		3.74210		1.45660			0.00390
256		0.5		iSLIP		3.74439		1.46027			0.00195
512		0.5		iSLIP		3.74944		1.47219			0.00098
1024		0.5		iSLIP		3.75115		1.47276			0.00049
8		0.5		KOUQ		3.42473		0.75513			0.06124				0.00007
8		0.5		KOUQ		3.43184		0.75055			0.06163				0.00007
8		0.5		KOUQ		3.40984		0.72216			0.06147				0.00004
8		0.5		INQ 		3.74688		1.27330			0.06204
8		0.5		iSLIP		3.56315		1.10749			0.06184
8		0.5		KOUQ		3.42936		0.76363			0.06135				0.00004
8		0.5		INQ 		3.77875		1.29992			0.06186
8		0.5		KOUQ		3.42380		0.74531			0.06171				0.00006
8		0.5		iSLIP		3.54704		1.10059			0.06184
8		0.5		INQ 		3.80640		1.35058			0.06172
