N		p		Queue Type	Average PD	Std Dev of PD	Average Link Util 	KOUQ Drop Probability
8		0.5		INQ 		3.78181		1.30312			0.49688
16		0.5		INQ 		3.87045		1.44908			0.49464
32		0.5		INQ 		3.93481		1.54962			0.49289
64		0.5		INQ 		3.97038		1.58565			0.49340
128		0.5		INQ 		3.96546		1.59160			0.49333
256		0.5		INQ 		3.97773		1.60236			0.49277
8		0.5		KOUQ		3.42799		0.75753			0.49636				0.00004
16		0.5		KOUQ		3.45100		0.79028			0.49116				0.00000
32		0.5		KOUQ		3.46624		0.83548			0.48965				0.00000
64		0.5		KOUQ		3.47562		0.84004			0.48850				0.00000
128		0.5		KOUQ		3.47386		0.84369			0.48835				0.00000
256		0.5		KOUQ		3.47599		0.84388			0.48816				0.00000
8		0.5		iSLIP		3.54638		1.08150			0.49526
16		0.5		iSLIP		3.63156		1.24494			0.49541
32		0.5		iSLIP		3.68767		1.34437			0.49831
64		0.5		iSLIP		3.72197		1.41880			0.49984
128		0.5		iSLIP		3.73657		1.44481			0.49944
256		0.5		iSLIP		3.74654		1.46257			0.49958